0.22 0.20 0.06
0.21 0.29 0.07
0.16 0.47 0.03
0.13 0.32 0.02
0.12 0.17 0.12
0.12 0.27 0.04
0.12 0.41 0.04
0.10 0.36 0.03
0.10 0.36 0.03
0.22 0.20 0.06
0.21 0.29 0.07
0.16 0.47 0.03
0.13 0.32 0.02
0.12 0.17 0.12
0.12 0.27 0.04
0.12 0.41 0.04
0.10 0.36 0.03
0.10 0.36 0.03
0.08 0.56 0.10
0.08 0.04 0.01
0.06 0.13 0.01
0.04 0.08 0.00
0.03 0.06 0.01
0.02 0.04 0.00
0.02 0.03 0.01
0.02 0.03 0.02
0.01 0.01 0.01
0.01 0.01 0.00
0.00 0.00 0.00
0.00 0.01 0.00
0.00 0.00 0.00
0.00 0.00 000

